$ 0 0.000005 2.008553692318767 55 5 50 5e-11
d 240 256 240 336 2 default
R 320 96 320 16 0 0 40 5 0 0 0.5
w 336 256 336 192 0
s 240 256 336 256 0 0 false
s 544 256 640 256 0 1 false
s 848 256 944 256 0 1 false
s 848 400 944 400 0 1 false
s 544 400 640 400 0 0 false
s 240 400 336 400 0 1 false
s 848 544 944 544 0 0 false
s 544 544 640 544 0 1 false
s 240 544 336 544 0 1 false
w 336 256 336 400 0
w 336 400 336 544 0
w 640 256 640 400 0
w 640 400 640 544 0
w 944 256 944 400 0
w 944 400 944 544 0
w 720 336 416 336 0
w 416 336 240 336 0
w 240 336 -32 336 0
r -32 336 -32 416 0 50000
g -32 416 -32 432 0 0
g -32 560 -32 576 0 0
r -32 480 -32 560 0 50000
g -32 704 -32 720 0 0
r -32 624 -32 704 0 50000
w -32 336 -80 336 0
w -32 480 -80 480 0
w -32 624 -80 624 0
w 640 256 640 192 0
R 624 96 624 16 0 0 40 5 0 0 0.5
w 944 256 944 192 0
R 928 96 928 16 0 0 40 5 0 0 0.5
189 -928 -256 -800 -256 0 8 36
153 -848 -384 -848 -512 0 2 5 5
w -848 -512 -848 -528 0
w -848 -528 -992 -528 0
w -992 -528 -992 -224 0
w -992 -224 -928 -224 0
R -1152 -192 -1328 -192 1 2 100 2.5 2.5 0 0.5
w -864 -288 -864 -368 0
w -832 -288 -832 -352 0
w -704 -368 -448 -368 0
w -672 -352 -448 -352 0
w -640 -336 -448 -336 0
207 -448 -368 -400 -368 4 COLUMN\s1
207 -448 -352 -400 -352 4 COLUMN\s2
207 -448 -336 -400 -336 4 COLUMN\s3
207 352 96 352 -16 4 COLUMN\s1
207 656 96 656 -16 4 COLUMN\s2
207 960 96 960 -16 4 COLUMN\s3
S 336 192 336 96 0 1 false 0 2
w -864 -368 -704 -368 0
w -864 -384 -864 -368 0
w -832 -384 -832 -352 0
w -832 -352 -672 -352 0
w -640 -336 -800 -336 0
w -800 -288 -800 -336 0
S 640 192 640 96 0 1 false 0 2
S 944 192 944 96 0 1 false 0 2
s -1152 -192 -1056 -192 0 0 false
w -1056 -192 -928 -192 0
d 544 256 544 336 2 default
d 848 256 848 336 2 default
d 848 400 848 480 2 default
d 544 400 544 480 2 default
d 240 400 240 480 2 default
d 240 544 240 624 2 default
d 544 544 544 624 2 default
d 848 544 848 624 2 default
w 848 336 720 336 0
w 544 336 416 336 0
w 848 480 544 480 0
w 848 624 544 624 0
w 544 624 240 624 0
w 544 480 240 480 0
w 240 480 -32 480 0
w 240 624 -32 624 0
x 262 302 323 305 4 24 KEY1
x 567 301 628 304 4 24 KEY2
x 867 308 928 311 4 24 KEY3
x 870 449 931 452 4 24 KEY6
x 876 596 937 599 4 24 KEY9
x 570 593 631 596 4 24 KEY8
x 564 448 625 451 4 24 KEY5
x 262 450 323 453 4 24 KEY4
x 269 591 330 594 4 24 KEY7
207 -80 336 -128 336 4 ROW\s1
207 -80 480 -128 480 4 ROW\s2
207 -80 624 -128 624 4 ROW\s3
x 333 -83 915 -80 4 50 WEST\s-\s3x3\sKEY\sMATRIX
x -966 -607 -566 -604 4 50 CLOCK\sSOURCE
x -864 -564 -673 -561 4 30 (IGNORE\sME)
x -1022 -86 -559 -83 4 30 Open\sthen\sreset\sfor\smanual\scontrol
423 -1001 -117 -1035 -158 0
b -1168 -224 -1035 -159 0
