$ 1 0.000005 10.20027730826997 50 5 43 5e-11
f 240 240 288 240 32 1.5 0.02
w 288 224 288 192 0
162 288 64 288 192 2 default-led 1 0 0 0.01
r 288 0 288 64 0 360
R 288 0 288 -64 0 0 40 5 0 0 0.5
R 352 0 352 -64 0 0 40 5 0 0 0.5
r 352 0 352 64 0 360
162 352 64 352 192 2 default-led 1 0 0 0.01
R 416 0 416 -64 0 0 40 5 0 0 0.5
r 416 0 416 64 0 360
162 416 64 416 192 2 default-led 1 0 0 0.01
R 480 0 480 -64 0 0 40 5 0 0 0.5
r 480 0 480 64 0 360
162 480 64 480 192 2 default-led 1 0 0 0.01
R 544 0 544 -64 0 0 40 5 0 0 0.5
r 544 0 544 64 0 360
162 544 64 544 192 2 default-led 1 0 0 0.01
R 608 0 608 -64 0 0 40 5 0 0 0.5
r 608 0 608 64 0 360
162 608 64 608 192 2 default-led 1 0 0 0.01
w 608 192 544 192 0
w 544 192 480 192 0
w 480 192 416 192 0
w 416 192 352 192 0
w 352 192 288 192 0
w 288 256 288 320 0
g 288 320 288 352 0 0
s 0 240 64 240 0 1 false
R 0 240 -80 240 0 0 40 5 0 0 0.5
r 192 240 192 320 0 10000
r 64 240 192 240 0 360
w 192 240 240 240 0
w 192 320 288 320 0
